<HTML>
<TITLE>University of Wyoming - Radiosonde Data</TITLE>
<BODY BGCOLOR="white">
<H2>83937 SBSM Santa Maria Observations at 12Z 15 May 2022</H2>
<PRE>
-----------------------------------------------------------------------------
   PRES   HGHT   TEMP   DWPT   RELH   MIXR   DRCT   SKNT   THTA   THTE   THTV
    hPa     m      C      C      %    g/kg    deg   knot     K      K      K 
-----------------------------------------------------------------------------
 1006.0     85   15.2   14.9     98  10.69    260      4  287.9  317.8  289.7
 1000.0    140   14.6   14.0     96  10.14    255      9  287.8  316.2  289.5
  971.0    388   13.6   13.2     98   9.94    205     11  289.2  317.3  290.9
  925.0    798   12.0   12.0    100   9.61    175      9  291.6  319.0  293.3
  875.0   1261    9.2    9.2    100   8.43    180     10  293.4  317.8  294.9
  850.0   1502    7.8    7.8    100   7.87    190     13  294.3  317.2  295.7
  825.0   1747    6.6    6.5     99   7.40    220     13  295.6  317.3  296.9
  757.0   2452    3.2    2.7     97   6.18    256     11  299.2  317.8  300.4
  752.0   2505    2.6    1.9     95   5.87    259     10  299.1  316.8  300.2
  741.0   2624   -0.3  -13.3     37   1.86    265     10  297.2  303.1  297.6
  729.0   2755    1.0   -6.0     60   3.37    265     10  300.1  310.5  300.7
  700.0   3081    0.2  -10.8     43   2.41    265     10  302.7  310.4  303.1
  671.0   3419   -0.3  -17.3     26   1.47    266     13  305.8  310.7  306.1
  659.0   3563   -1.5   -6.5     69   3.58    267     14  306.0  317.4  306.7
  640.0   3797    0.2  -25.8     12   0.73    268     15  310.5  313.1  310.7
  634.0   3872    0.0  -27.0     11   0.66    268     16  311.1  313.5  311.3
  513.0   5525  -12.5  -33.5     16   0.44    275     29  315.4  317.1  315.5
  509.0   5584  -13.0  -33.1     17   0.47    275     29  315.5  317.2  315.6
  500.0   5720  -14.1  -32.1     20   0.52    270     32  315.8  317.7  315.9
  413.0   7131  -27.5  -34.5     51   0.50    274     57  316.3  318.1  316.4
  400.0   7360  -28.5  -38.5     38   0.35    275     61  317.9  319.2  317.9
  396.0   7432  -28.9  -41.9     27   0.24    275     62  318.3  319.2  318.3
  390.0   7541  -27.7  -57.7      4   0.04    274     63  321.2  321.4  321.2
  354.0   8216  -33.2  -61.0      4   0.03    270     72  322.9  323.0  322.9
  332.0   8664  -36.8  -63.1      5   0.02    275     68  323.9  324.0  323.9
  300.0   9370  -42.5  -66.5      5   0.02    275     71  325.4  325.4  325.4
  275.0   9953  -47.3  -67.3      8   0.02    277     76  326.6  326.7  326.6
  250.0  10580  -50.9  -66.9     13   0.02    280     81  330.3  330.4  330.3
  239.0  10872  -52.6  -67.1     16   0.02    275     83  331.9  332.0  331.9
  236.0  10954  -53.1  -67.1     17   0.02    276     82  332.4  332.5  332.4
  214.0  11584  -54.3  -71.8     10   0.01    280     71  339.9  340.0  339.9
  211.0  11675  -54.5  -72.5      9   0.01    280     72  341.0  341.1  341.1
  200.0  12020  -52.3  -77.3      3   0.01    275     79  349.8  349.8  349.8
  196.0  12151  -52.1  -78.1      3   0.00    275     83  352.1  352.1  352.1
  180.0  12701  -51.5  -81.5      2   0.00    265     73  361.8  361.8  361.8
  173.0  12956  -52.5  -82.1      2   0.00    260     68  364.2  364.2  364.2
  150.0  13870  -56.3  -84.3      2   0.00    265     62  372.9  372.9  372.9
  141.0  14253  -57.8  -85.0      2   0.00    270     55  376.8  376.9  376.8
  131.0  14709  -59.7  -85.9      2   0.00    260     60  381.6  381.6  381.6
  127.0  14901  -60.4  -86.3      2   0.00    255     49  383.6  383.6  383.6
  121.0  15201  -61.6  -86.9      2   0.00    270     40  386.8  386.8  386.8
  114.0  15570  -63.1  -87.6      2   0.00    285     45  390.6  390.6  390.6
  107.0  15962  -64.7  -88.4      3   0.00    270     56  394.8  394.8  394.8
  101.0  16320  -66.1  -89.1      3   0.00    250     46  398.6  398.6  398.6
  100.0  16380  -66.3  -88.3      3   0.00    250     46  399.4  399.4  399.4
   94.4  16729  -67.1  -89.1      3   0.00    260     30  404.4  404.4  404.4
   94.0  16755  -67.1  -89.1      3   0.00    260     30  404.8  404.8  404.8
   89.0  17084  -67.7  -89.1      3   0.00    265     33  410.1  410.1  410.1
   85.4  17334  -68.1  -89.1      4   0.00    256     42  414.1  414.2  414.1
   85.0  17362  -68.0  -89.1      4   0.00    255     43  414.9  414.9  414.9
   80.0  17730  -67.0  -89.3      3   0.00    260     34  424.2  424.3  424.2
   70.0  18540  -64.7  -89.7      2   0.00    230     32  445.6  445.6  445.6
   67.0  18807  -64.5  -90.1      2   0.00    260     26  451.8  451.8  451.8
   65.1  18983  -64.3  -90.3      2   0.00    246     28  455.8  455.9  455.8
   65.0  18992  -64.1  -90.2      2   0.00    245     28  456.4  456.4  456.4
   63.2  19165  -61.3  -89.3      1   0.00    227     16  466.3  466.3  466.3
   63.0  19185  -61.4  -89.3      1   0.00    225     15  466.5  466.5  466.5
   60.0  19485  -63.3  -89.5      2   0.00    265      3  468.9  468.9  468.9
   57.8  19714  -64.7  -89.7      2   0.00    309     10  470.7  470.7  470.7
   57.0  19799  -64.7  -89.7      2   0.00    325     12  472.5  472.5  472.5
   54.0  20129  -64.9  -89.9      2   0.00    330     26  479.5  479.5  479.5
   53.8  20152  -64.9  -89.9      2   0.00    328     26  480.0  480.0  480.0
   51.0  20479  -63.4  -89.9      2   0.00    295     32  490.8  490.8  490.8
   50.0  20600  -62.9  -89.9      2   0.00    290     34  494.8  494.9  494.8
   49.4  20674  -63.5  -90.5      1   0.00    287     33  495.1  495.1  495.1
   48.0  20852  -61.1  -89.9      1   0.00    280     31  504.9  505.0  504.9
   47.1  20969  -59.5  -89.5      1   0.00    281     34  511.5  511.5  511.5
   44.0  21394  -59.9  -89.4      1   0.00    285     43  520.6  520.6  520.6
   41.0  21834  -60.3  -89.3      1   0.00    275     25  530.2  530.2  530.2
   40.9  21850  -60.3  -89.3      1   0.00    275     26  530.5  530.6  530.5
   38.0  22312  -59.2  -88.7      1   0.00    260     45  544.6  544.6  544.6
   35.0  22830  -58.0  -88.0      1   0.00    245     38  560.7  560.8  560.7
   33.0  23200  -57.1  -87.5      1   0.01    255     34  572.5  572.6  572.5
   31.0  23594  -56.2  -87.0      1   0.01    245     23  585.4  585.4  585.4
   30.0  23800  -55.7  -86.7      1   0.01    270     26  592.2  592.3  592.2
   28.0  24242  -54.9  -86.5      1   0.01    280     40  606.2  606.2  606.2
   26.0  24717  -54.1  -86.2      1   0.01    260     27  621.5  621.6  621.5
   21.0  26086  -51.7  -85.5      1   0.01    270     45  667.9  668.0  667.9
   20.7  26178  -51.5  -85.5      1   0.01    270     42  671.1  671.3  671.1
   20.0  26400  -52.5  -85.5      1   0.01    270     36  674.7  674.9  674.7
   18.0  27079  -53.5  -85.7      1   0.01    280     42  692.2  692.4  692.2
   17.6  27223  -53.7  -85.7      1   0.01                696.0  696.2  696.0
</PRE><H3>Station information and sounding indices</H3><PRE>
                         Station identifier: SBSM
                             Station number: 83937
                           Observation time: 220515/1200
                           Station latitude: -29.72
                          Station longitude: -53.70
                          Station elevation: 85.0
                            Showalter index: 3.94
                               Lifted index: 3.99
    LIFT computed using virtual temperature: 3.79
                                SWEAT index: 151.58
                                    K index: 18.70
                         Cross totals index: 21.90
                      Vertical totals index: 21.90
                        Totals totals index: 43.80
      Convective Available Potential Energy: 7.60
             CAPE using virtual temperature: 12.45
                      Convective Inhibition: -21.53
             CINS using virtual temperature: -22.68
                           Equilibrum Level: 729.25
 Equilibrum Level using virtual temperature: 719.11
                   Level of Free Convection: 750.87
             LFCT using virtual temperature: 751.26
                     Bulk Richardson Number: 1.02
          Bulk Richardson Number using CAPV: 1.67
  Temp [K] of the Lifted Condensation Level: 286.50
Pres [hPa] of the Lifted Condensation Level: 971.41
   Equivalent potential temp [K] of the LCL: 317.11
     Mean mixed layer potential temperature: 288.90
              Mean mixed layer mixing ratio: 10.01
              1000 hPa to 500 hPa thickness: 5580.00
Precipitable water [mm] for entire sounding: 26.11
</PRE>
<P>Description of the 
<A HREF="/upperair/columns.html">data columns</A>
or <A HREF="/upperair/indices.html">sounding indices</A>.

<P>
<FORM>
<INPUT CLASS="button" TYPE="button" VALUE=" Close this window " 
 onClick="window.close();">
<INPUT CLASS="button" TYPE="button" VALUE=" Select another map " 
 onClick="window.blur();">
</FORM>
<HR SIZE="1">
<I>Interested in graduate studies in atmospheric science?
Check out our program at the
<a href="http://www.uwyo.edu/atsc/howtoapply/"
target=_top>University of Wyoming
</a></I>
<HR SIZE="1"><FONT SIZE="-1">
Questions about the weather data provided by this site can be
addressed to <A HREF="mailto:ldoolman@uwyo.edu">
Larry Oolman (ldoolman@uwyo.edu)</A></FONT>
<HR SIZE="1">
<SCRIPT TYPE="text/javascript">
<!--
window.focus();
// -->
</SCRIPT>
</BODY>
</HTML>
